hub:
  world: lobby
  x: 18.45099126990191
  y: 0.0
  z: -1.4680436585869365
  yaw: -179.17046
  pitch: 0.38400558
