hub:
  world: lobby
  x: 0.33246141062762136
  y: -0.5
  z: 0.45841718586805646
  yaw: 89.69727
  pitch: 0.09393894
